[gd_scene load_steps=13 format=3 uid="uid://duk5rec1ow1wt"]

[ext_resource type="PackedScene" uid="uid://cokjquv35t73x" path="res://assets/models/Platformer_Kit/tree-pine-snow-small.glb" id="1_5vw27"]
[ext_resource type="PackedScene" uid="uid://g82jw27wc4yl" path="res://assets/models/Platformer_Kit/tree-pine-snow.glb" id="2_kek77"]
[ext_resource type="PackedScene" uid="uid://c7imlpa4sp0ky" path="res://assets/models/Platformer_Kit/tree-snow.glb" id="3_4c57u"]
[ext_resource type="PackedScene" uid="uid://mnue6rte6q5k" path="res://assets/models/Platformer_Kit/stones.glb" id="4_efxa6"]
[ext_resource type="PackedScene" uid="uid://c32odym18fmrp" path="res://assets/models/Platformer_Kit/block-snow-overhang-low-large.glb" id="5_dg77c"]
[ext_resource type="PackedScene" uid="uid://bceu66vk674qc" path="res://assets/models/Platformer_Kit/block-snow-overhang-large-slope-steep.glb" id="6_ycdy4"]
[ext_resource type="PackedScene" uid="uid://cuegbci0lee4j" path="res://assets/models/Platformer_Kit/block-snow-large-slope-steep-narrow.glb" id="7_w48qg"]
[ext_resource type="PackedScene" uid="uid://do8gwol1mss81" path="res://assets/models/Radio_Parts/Battery.glb" id="8_vivmo"]
[ext_resource type="ArrayMesh" uid="uid://ov2nhkdxox7q" path="res://assets/models/Radio_Parts/satellite.obj" id="9_kek77"]
[ext_resource type="PackedScene" uid="uid://buikxyrc77vu5" path="res://assets/models/Radio_Parts/Electronic_Component.glb" id="10_4c57u"]
[ext_resource type="PackedScene" uid="uid://b1c3b7esir8et" path="res://player.tscn" id="11_efxa6"]

[sub_resource type="BoxShape3D" id="BoxShape3D_efxa6"]
size = Vector3(0.395737, 0.0922852, 0.403046)

[node name="Main" type="Node3D"]

[node name="Trees" type="Node3D" parent="."]

[node name="tree-pine-snow-small2" parent="Trees" instance=ExtResource("1_5vw27")]
transform = Transform3D(10, 0, 0, 0, 10, 0, 0, 0, 10, -4.38179, 0, 36.1849)

[node name="tree-pine-snow2" parent="Trees" instance=ExtResource("2_kek77")]
transform = Transform3D(8, 0, 0, 0, 8, 0, 0, 0, 8, -34.9733, 0.944202, 11.6933)

[node name="tree-snow2" parent="Trees" instance=ExtResource("3_4c57u")]
transform = Transform3D(8, 0, 0, 0, 8, 0, 0, 0, 8, 20.7823, 0, 11.1806)

[node name="tree-snow3" parent="Trees" instance=ExtResource("3_4c57u")]
transform = Transform3D(8, 0, 0, 0, 8, 0, 0, 0, 8, 4.4594, 0, -9.28167)

[node name="tree-pine-snow3" parent="Trees" instance=ExtResource("2_kek77")]
transform = Transform3D(8, 0, 0, 0, 8, 0, 0, 0, 8, -13.3543, 0.944202, -9.25424)

[node name="tree-pine-snow4" parent="Trees" instance=ExtResource("2_kek77")]
transform = Transform3D(8, 0, 0, 0, 8, 0, 0, 0, 8, 36.4439, 0.944202, 41.0549)

[node name="tree-pine-snow5" parent="Trees" instance=ExtResource("2_kek77")]
transform = Transform3D(8, 0, 0, 0, 8, 0, 0, 0, 8, -17.5666, 13.1155, -42.6728)

[node name="tree-snow4" parent="Trees" instance=ExtResource("3_4c57u")]
transform = Transform3D(8, 0, 0, 0, 8, 0, 0, 0, 8, 25.4842, 11.8479, -44.3868)

[node name="tree-snow5" parent="Trees" instance=ExtResource("3_4c57u")]
transform = Transform3D(8, 0, 0, 0, 8, 0, 0, 0, 8, -30.5336, 0, 26.9933)

[node name="tree-pine-snow-small3" parent="Trees" instance=ExtResource("1_5vw27")]
transform = Transform3D(10, 0, 0, 0, 10, 0, 0, 0, 10, 27.4541, 0, 21.3707)

[node name="Stones" type="Node3D" parent="."]

[node name="Stones2" parent="Stones" instance=ExtResource("4_efxa6")]
transform = Transform3D(8, 0, 0, 0, 8, 0, 0, 0, 8, -2.04994, -0.030611, 1.99182)

[node name="stones3" parent="Stones" instance=ExtResource("4_efxa6")]
transform = Transform3D(8, 0, 0, 0, 8, 0, 0, 0, 8, 23.1068, -0.030611, 29.7797)

[node name="stones4" parent="Stones" instance=ExtResource("4_efxa6")]
transform = Transform3D(8, 0, 0, 0, 8, 0, 0, 0, 8, 38.3589, -0.030611, 1.99182)

[node name="stones5" parent="Stones" instance=ExtResource("4_efxa6")]
transform = Transform3D(8, 0, 0, 0, 8, 0, 0, 0, 8, -26.3356, -0.030611, 19.2929)

[node name="stones6" parent="Stones" instance=ExtResource("4_efxa6")]
transform = Transform3D(8, 0, 0, 0, 8, 0, 0, 0, 8, -10.4296, -0.030611, 35.5836)

[node name="stones7" parent="Stones" instance=ExtResource("4_efxa6")]
transform = Transform3D(8, 0, 0, 0, 8, 0, 0, 0, 8, -2.04994, 11.7974, -40.9028)

[node name="stones8" parent="Stones" instance=ExtResource("4_efxa6")]
transform = Transform3D(8, 0, 0, 0, 8, 0, 0, 0, 8, 41.868, 12.2647, -43.4936)

[node name="stones9" parent="Stones" instance=ExtResource("4_efxa6")]
transform = Transform3D(8, 0, 0, 0, 8, 0, 0, 0, 8, 24.0611, 12.4212, -36.3099)

[node name="stones10" parent="Stones" instance=ExtResource("4_efxa6")]
transform = Transform3D(8, 0, 0, 0, 8, 0, 0, 0, 8, -34.058, 11.8532, -45.9442)

[node name="stones11" parent="Stones" instance=ExtResource("4_efxa6")]
transform = Transform3D(8, 0, 0, 0, 8, 0, 0, 0, 8, -21.1429, -0.030611, -20.3075)

[node name="stones12" parent="Stones" instance=ExtResource("4_efxa6")]
transform = Transform3D(8, 0, 0, 0, 8, 0, 0, 0, 8, 6.66419, -0.030611, -21.1848)

[node name="Terrain" type="Node3D" parent="."]

[node name="MainPlatform" parent="Terrain" instance=ExtResource("5_dg77c")]
transform = Transform3D(50, 0, 0, 0, 50, 0, 0, 0, 50, 0, -25.9945, 0)

[node name="StaticBody3D" type="StaticBody3D" parent="Terrain/MainPlatform"]

[node name="CollisionShape3D" type="CollisionShape3D" parent="Terrain/MainPlatform/StaticBody3D"]
transform = Transform3D(5, 0, 0, 0, 5, 0, 0, 0, 5, -0.00598907, 0.275076, -0.00724792)
shape = SubResource("BoxShape3D_efxa6")

[node name="block-snow-overhang-large-slope-steep2" parent="Terrain" instance=ExtResource("6_ycdy4")]
transform = Transform3D(14.9995, 0, 0.0783642, 0, 10, 0, -0.117547, 0, 9.99969, 34.704, 0, -20.9896)

[node name="StaticBody3D" type="StaticBody3D" parent="Terrain/block-snow-overhang-large-slope-steep2"]
transform = Transform3D(0.999996, -0.00268942, 0.000745402, 0.00268942, 0.85732, -0.514777, 0.000745402, 0.514777, 0.857324, 0, 0, 0)

[node name="CollisionShape3D" type="CollisionShape3D" parent="Terrain/block-snow-overhang-large-slope-steep2/StaticBody3D"]
transform = Transform3D(5, 0, 0, 0, 5, 0, 0, 0, 5, -0.0334167, 0.275076, -0.0993347)
shape = SubResource("BoxShape3D_efxa6")

[node name="block-snow-large-slope-steep-narrow2" parent="Terrain" instance=ExtResource("7_w48qg")]
transform = Transform3D(10, 0, 0, 0, 10, 0, 0, 0, 10, -35.395, 0, -21.7447)

[node name="StaticBody3D" type="StaticBody3D" parent="Terrain/block-snow-large-slope-steep-narrow2"]
transform = Transform3D(1, 0, 0, 0, 0.857482, -0.514514, 0, 0.514514, 0.857482, 0, 0.12296, 0)

[node name="CollisionShape3D" type="CollisionShape3D" parent="Terrain/block-snow-large-slope-steep-narrow2/StaticBody3D"]
transform = Transform3D(5, 0, 0, 0, 5.00001, -9.53674e-07, 0, 9.53674e-07, 5.00001, -0.0334167, 0.275076, -0.0993348)
shape = SubResource("BoxShape3D_efxa6")

[node name="Terrain2" parent="Terrain" instance=ExtResource("5_dg77c")]
transform = Transform3D(46, 0, 0, 0, 22, 0, 0, 0, 10, 1.92703, -0.943925, -41.128)

[node name="StaticBody3D" type="StaticBody3D" parent="Terrain/Terrain2"]

[node name="CollisionShape3D" type="CollisionShape3D" parent="Terrain/Terrain2/StaticBody3D"]
transform = Transform3D(5, 0, 0, 0, 5, 0, 0, 0, 5, -0.0334167, 0.275076, -0.0993347)
shape = SubResource("BoxShape3D_efxa6")

[node name="Parts" type="Node3D" parent="."]

[node name="Battery" parent="Parts" instance=ExtResource("8_vivmo")]
transform = Transform3D(1, 0, 0, 0, -0.112544, -0.993647, 0, 0.993647, -0.112544, 14.9012, 0, 21.9884)

[node name="Battery2" parent="Parts" instance=ExtResource("8_vivmo")]
transform = Transform3D(0.870244, 0.489491, -0.0554417, 0, -0.112544, -0.993647, -0.492621, 0.864715, -0.097941, 30.6753, 1.95952, 5.13673)

[node name="Battery3" parent="Parts" instance=ExtResource("8_vivmo")]
transform = Transform3D(-0.343004, -0.933366, 0.105717, 0, -0.112544, -0.993647, 0.939334, -0.340825, 0.0386031, -11.776, 0, -21.2639)

[node name="Battery4" parent="Parts" instance=ExtResource("8_vivmo")]
transform = Transform3D(1, 0, 0, 0, -0.112544, -0.993647, 0, 0.993647, -0.112544, -35.8343, 0, 35.391)

[node name="Satellite" type="MeshInstance3D" parent="Parts"]
transform = Transform3D(1, 0, 0, 0, 0.407916, -0.913019, 0, 0.913019, 0.407916, 40.8192, 0, 42.0895)
mesh = ExtResource("9_kek77")
skeleton = NodePath("../..")

[node name="Electronic_Component" parent="Parts" instance=ExtResource("10_4c57u")]
transform = Transform3D(-0.34617, 0.252829, -0.257379, -0.202894, -0.431367, -0.150853, -0.29833, 0, 0.401247, 28.7844, 12.8256, -44.9536)

[node name="Electronic_Component2" parent="Parts" instance=ExtResource("10_4c57u")]
transform = Transform3D(0.5, 0, 0, 0, 0.5, 0, 0, 0, 0.5, 13.147, 0.326738, -23.0798)

[node name="Player" parent="." instance=ExtResource("11_efxa6")]
transform = Transform3D(2, 0, 0, 0, 2, 0, 0, 0, 2, 3.90583, 1.87844, 0)

[node name="DirectionalLight3D" type="DirectionalLight3D" parent="."]
transform = Transform3D(1, 0, 0, 0, 0.856177, 0.516683, 0, -0.516683, 0.856177, 0, 107.906, 0)
light_color = Color(0.9, 0.95, 1, 1)
light_energy = 2.0
